0,9
0,14,5,26,13,15,26,30,27,5
14,0,23,26,9,20,21,15,8,20
5,23,0,2,11,25,14,20,12,20
26,26,2,0,23,25,3,23,22,13
13,9,11,23,0,12,24,1000,24,25
15,20,25,25,12,0,26,5,24,9
26,21,14,3,24,26,0,15,17,22
30,15,20,23,1000,5,15,0,9,25
27,8,12,22,24,24,17,9,0,16
5,20,20,13,25,9,22,25,16,0